      0  ant0           0              0           0
      1  ant1        -501.415        286.228       4.98518
      2  ant2        -498.572       -291.15        6.94376
      3  ant3         501.414       -286.228     -10.8445
      4  ant4         498.572        291.151      -8.36833
      5  ant5           2.8416      -577.378      -2.53892
      6  ant6          -2.84295      577.378       2.4736
      7  ant7        -504.257        863.506      10.6942
      8  ant8        -495.731       -868.429       6.41829
      9  ant9         504.256       -863.506     -12.4217
     10  ant10        495.73         868.429      -2.5264
     11  ant11       -999.988         -4.92266    15.4841
     12  ant12        999.987          4.92266   -16.6359
     13  ant13          5.68356    -1154.66       -2.84722
     14  ant14         -5.68456     1154.66        9.85791
     15  ant15      -1002.83         572.456      17.9151
     16  ant16       -997.145       -582.301      18.239
     17  ant17       1002.83        -572.455     -19.6498
     18  ant18        997.144        582.301     -10.9677
     19  ant19      -1005.67        1149.73       20.4736
     20  ant20       -994.303      -1159.58       16.9691
     21  ant21       1005.67       -1149.73      -20.5264
     22  ant22        994.303       1159.58       -6.414
     23  ant23      -1501.4          281.305      27.471
     24  ant24      -1498.56        -296.073      26.7778
     25  ant25       1501.4         -281.305     -22.6714
     26  ant26       1498.56         296.074     -19.5264
     27  ant27       -507.099       1440.88       15.7358
     28  ant28       -492.889      -1445.81        6.2131
     29  ant29        507.098      -1440.88      -13.43
     30  ant30        492.888       1445.81        3.79611
     31  ant31      -1504.24         858.584      26.4736
     32  ant32      -1495.72        -873.351      25.8006
     33  ant33       1504.24        -858.583     -29.5264
     34  ant34       1495.72         873.352     -14.6641
     35  ant35          8.52578    -1732.03       -4.75051
     36  ant36         -8.52688     1732.04       13.0097
     37  ant37      -1999.97          -9.84532    36.1803
     38  ant38       1999.97           9.84532   -29.084
     39  ant39      -1008.51        1727.11       23.4236
     40  ant40       -991.461      -1736.96       17.2024
     41  ant41       1008.51       -1727.11      -22.1867
     42  ant42        991.46        1736.96       -1.64597
     43  ant43       -509.941       2018.16       19.8623
     44  ant44       -490.047      -2023.09        5.32603
     45  ant45        509.941      -2018.16      -12.3917
     46  ant46        490.047       2023.09        4.6186
     47  ant47      -2002.87         578.341      34.4736
     48  ant48      -1997.13        -587.224      38.2813
     49  ant49       2002.82        -567.533     -33.5264
     50  ant50       1997.13         587.224     -22.4813
     51  ant51      -1507.09        1435.96       28.4736
     52  ant52      -1492.88       -1450.73       25.7689
     53  ant53       1507.09       -1435.96      -29.5264
     54  ant54       1492.87        1450.73      -10.9869
     55  ant55         11.3684     -2309.31       -3.91381
     56  ant56        -11.3679      2309.31       12.729
     57  ant57      -2005.66        1144.81       34.4736
     58  ant58      -1994.29       -1164.5        38.4736
     59  ant59       2005.66       -1144.81      -37.1304
     60  ant60       1994.29        1164.5       -18.5264
     61  ant61      -1509.93        2013.24       35.3127
     62  ant62      -1490.03       -2028.01       26.1082
     63  ant63       1509.93       -2013.24      -29.5804
     64  ant64       1490.03        2028.01       -6.6636
     65  ant65      -1011.36        2304.39       28.9581
     66  ant66       -988.619      -2314.24       16.2961
     67  ant67       1011.35       -2304.39      -20.5264
     68  ant68        988.618       2314.24        2.04009
     69  ant69      -2501.39         276.382      49.0428
     70  ant70      -2498.55        -300.996      47.9991
     71  ant71       2501.39        -276.382     -38.5264
     72  ant72       2498.55         300.996     -30.6878
     73  ant73      -2504.23         853.661      44.5164
     74  ant74      -2495.7         -878.274      48.13
     75  ant75       2504.23        -853.661     -40.9249
     76  ant76       2495.7          878.275     -27.6739
     77  ant77       -512.783       2595.54       22.8899
     78  ant78       -487.204      -2600.46        2.73508
     79  ant79        512.782      -2595.54      -13.2498
     80  ant80        487.203       2600.46       10.4736
     81  ant81      -2008.5         1722.19       39.7459
     82  ant82      -1991.45       -1741.88       38.4144
     83  ant83       2008.5        -1722.19      -36.3119
     84  ant84       1991.45        1741.88      -12.2046
     85  ant85      -2999.96         -14.768      59.2097
     86  ant86       2999.96          14.768     -40.4883
     87  ant87      -1512.77        2590.62       37.3685
     88  ant88      -1487.19       -2605.39       21.4736
     89  ant89       1512.77       -2590.62      -31.4668
     90  ant90       1487.19        2605.39       -2.52972
     91  ant91         17.0522     -3463.97       -8.04804
     92  ant92        -17.0522      3463.97       22.0264
     93  ant93      -3008.49        1717.27       55.4176
     94  ant94      -2991.43       -1746.8        58.8783
     95  ant95       3008.49       -1717.27      -48.7316
     96  ant96       2991.43        1746.8       -29.455
     97  ant97      -3504.22         848.738      68.4614
     98  ant98      -3495.69        -883.197      72.6562
     99  ant99       3504.22        -848.738     -48.8943
    100  ant100      3495.69         883.197     -41.3196
    101  ant101     -1017.04        3459.05       35.5681
    102  ant102      -982.935      -3468.89        8.44342
    103  ant103      1017.04       -3459.05      -23.5264
    104  ant104       982.934       3468.89        7.4736
    105  ant105     -2512.76        2585.7        53.3912
    106  ant106     -2487.18       -2610.31       42.4736
    107  ant107      2512.76       -2585.7       -42.8723
    108  ant108      2487.18        2610.31      -16.0274
    109  ant109     -2017.03        3454.13       51.4713
    110  ant110     -1982.92       -3473.81       25.0168
    111  ant111      2017.03       -3454.12      -33.8074
    112  ant112      1982.92        3473.82       -2.5264
    113  ant113     -4000.69         131.437      80.7213
    114  ant114      3999.95          19.6906    -55.8275
    115  ant115      -521.309       4327.48       32.4736
    116  ant116      -478.679      -4332.4        -0.595517
    117  ant117       521.308      -4327.48      -15.1672
    118  ant118       478.678       4332.4        20.0758
    119  ant119     -3512.74        2580.77       68.3175
    120  ant120     -3487.16       -2615.23       62.2573
    121  ant121      3512.74       -2580.77      -53.5264
    122  ant122      3487.16        2615.23      -22.577
    123  ant123     -4008.47        1712.34       75.4736
    124  ant124     -3991.42       -1751.73       82.6341
    125  ant125      4008.47       -1712.34      -62.8096
    126  ant126      3991.42        1751.73      -41.6038
    127  ant127     -1521.3         4322.55       50.578
    128  ant128     -1478.67       -4337.32       15.5284
    129  ant129      1521.29       -4322.55      -25.1303
    130  ant130      1478.66        4337.32        6.53128
    131  ant131     -4504.2          843.816      90.8786
    132  ant132     -4495.68        -888.119      95.8786
    133  ant133      4504.2         -843.815     -64.956
    134  ant134      4495.68         888.119     -53.6638
    135  ant135     -3017.01        3449.2        70.4736
    136  ant136     -2982.91       -3478.74       44.0887
    137  ant137      3017.01       -3449.2       -44.0767
    138  ant138      2982.91        3478.74      -13.5095
    139  ant139     -2521.28        4317.63       67.6942
    140  ant140     -2478.65       -4342.24       30.0839
    141  ant141      2521.28       -4317.63      -36.9402
    142  ant142      2478.65        4342.24       -2.54438
    143  ant143      4999.93          24.6133    -67.9901
    144  ant144     -4512.73        2575.85       91.067
    145  ant145     -4487.15       -2620.15       78.8918
    146  ant146      4512.73       -2575.85      -66.3021
    147  ant147      4487.15        2620.15      -33.55
    148  ant148        25.5779     -5196          -5.67209
    149  ant149       -25.5791      5196          31.4736
    150  ant150     -4017           3444.28       91.537
    151  ant151     -3982.9        -3483.66       61.2113
    152  ant152      4017          -3444.28      -55.4833
    153  ant153      3982.89        3483.66      -24.4053
    154  ant154      5008.46       -1707.42      -73.0052
    155  ant155      4991.41        1756.65      -42.8959
    156  ant156     -1025.57        5191.08       46.4709
    157  ant157      -974.409      -5200.93        6.15002
    158  ant158      1025.57       -5191.08      -16.6308
    159  ant159       974.408       5200.93       16.6504
    160  ant160     -3521.27        4312.71       88.3383
    161  ant161     -3478.64       -4347.17       47.48
    162  ant162      3521.27       -4312.71      -41.5264
    163  ant163      3478.64        4347.17      -18.5634
    164  ant164      5504.19        -838.893     -17.7619
    165  ant165      5495.66         893.042      -7.42333
    166  ant166     -2025.55        5186.16       65.4266
    167  ant167     -1974.4        -5205.85       19.1761
    168  ant168      2025.55       -5186.16      -25.3807
    169  ant169      1974.39        5205.85        6.18594
    170  ant170      5999.92          29.536     -15.5057
    171  ant171     -3025.54        5181.24       84.2175
    172  ant172     -2974.38       -5210.77       33.4736
    173  ant173      3025.54       -5181.24      -37.1912
    174  ant174      2974.38        5210.77       -1.90806
    175  ant175     -4982.88       -3488.58       83.1119
    176  ant176      5016.99       -3439.36      -70.1932
    177  ant177      4982.88        3488.58      -30.5154
    178  ant178      5512.72       -2570.93      -79.9256
    179  ant179      5487.14        2625.08        9.97096
    180  ant180      -529.835       6059.51       44.2795
    181  ant181      -470.152      -6064.43        0.53996
    182  ant182       529.834      -6059.51      -11.4909
    183  ant183       470.151       6064.43       28.4967
    184  ant184     -4478.63       -4352.09       66.4736
    185  ant185      4521.26       -4307.78      -55.0917
    186  ant186      4478.63        4352.09      -18.5264
    187  ant187      6008.45       -1702.5       -27.5041
    188  ant188      5991.39        1761.57        0.5428
    189  ant189     -1529.82        6054.59       62.9282
    190  ant190     -1470.14       -6069.36       10.7064
    191  ant191      1529.82       -6054.59      -23.5342
    192  ant192      1470.14        6069.36       13.4736
    193  ant193      6504.18        -833.97      -29.1889
    194  ant194      6495.65         897.964     -10.5264
    195  ant195     -2529.81        6049.67       83.4736
    196  ant196     -2470.13       -6074.28       24.4834
    197  ant197      2529.81       -6049.66      -34.164
    198  ant198     -3974.37       -5215.69       48.646
    199  ant199      4025.53       -5176.31      -51.565
    200  ant200        34.1043     -6927.94       -7.67507
    201  ant201       -34.1044      6927.94       42.4736
    202  ant202      6016.97       -3434.43      -85.4745
    203  ant203      5521.24       -4302.86      -74.8376
    204  ant204     -1034.09        6923.02       58.5223
    205  ant205      -965.883      -6932.86        2.15882
    206  ant206      1034.09       -6923.02      -17.622
    207  ant207       965.882       6932.86       26.6888
    208  ant208      6999.91          34.4586    -22.7127
    209  ant209      6512.7        -2566         -91.0304
    210  ant210      6487.12        2630           0.46925
    211  ant211     -3470.11       -6079.2        38.2858
    212  ant212      3529.79       -6044.74      -48.8029
    213  ant213     -1965.87       -6937.78       12.9397
    214  ant214      2034.08       -6918.09      -29.7281
    215  ant215      7008.43       -1697.58      -38.213
    216  ant216      6991.38        1766.49       -8.97004
    217  ant217     -4974.36       -5220.62       68.2726
    218  ant218      5025.51       -5171.39      -69.277
    219  ant219     -2965.86       -6942.71       29.3568
    220  ant220      3034.06       -6913.17      -42.8511
    221  ant221      7504.16        -829.047     -33.4258
    222  ant222      7495.64         902.888     -16.0508
    223  ant223     -4470.1        -6084.12       54.1774
    224  ant224      4529.78       -6039.82      -66.1874
    225  ant225      -538.361       7791.44       54.4782
    226  ant226      -461.627      -7796.37       -6.6042
    227  ant227       538.36       -7791.44      -20.2793
    228  ant228      6521.23       -4297.94      -95.5951
    229  ant229      7016.96       -3429.51      -93.0902
    230  ant230     -1461.61       -7801.29        5.5771
    231  ant231      1538.35       -7786.52      -29.5439
    232  ant232      7512.69       -2561.08     -102.569
    233  ant233      6025.5        -5166.47      -87.1898
    234  ant234     -3965.84       -6947.63       45.0012
    235  ant235      4034.05       -6908.25      -53.9812
    236  ant236      7999.89          39.3813    -30.5622
    237  ant237     -2461.6        -7806.21       19.4736
    238  ant238      2538.33       -7781.6       -41.734
    239  ant239      8008.42       -1692.65      -43.735
    240  ant240      7991.37        1771.42      -19.6147
    241  ant241      5529.77       -6034.9       -75.8412
    242  ant242     -3461.59       -7811.13       37.3538
    243  ant243      3538.32       -7776.68      -51.5264
    244  ant244      5034.04       -6903.32      -76.7623
    245  ant245      7521.21       -4293.02     -104.526
    246  ant246        42.6301     -8659.97      -14.6685
    247  ant247      8016.94       -3424.59     -106.495
    248  ant248      7025.48       -5161.54     -101.15
    249  ant249      -957.356      -8664.89       -5.57094
    250  ant250      1042.62       -8655.05      -30.6826
    251  ant251      6529.75       -6029.97      -93.2972
    252  ant252     -1957.34       -8669.82       11.3355
    253  ant253      2042.6        -8650.13      -40.8907
    254  ant254     -4461.57       -7816.06       53.3519
    255  ant255      4538.31       -7771.75      -71.6053
    256  ant256      6034.02       -6898.4       -92.3951
    257  ant257     -2957.33       -8674.74       23.1993
    258  ant258      3042.59       -8645.2       -52.8487
    259  ant259      5538.29       -7766.83      -85.956
    260  ant260      -453.099      -9528.4       -12.0861
    261  ant261       546.887      -9523.48      -26.2783
    262  ant262      8025.47       -5156.62     -106.868
    263  ant263     -3957.32       -8679.66       43.2072
    264  ant264      4042.58       -8640.28      -66.8964
    265  ant265      7529.74       -6025.05     -107.169
    266  ant266     -1453.09       -9533.32        1.80804
    267  ant267      1546.87       -9518.55      -36.483
    268  ant268      7034.01       -6893.48      -98.8117
    269  ant269     -2453.07       -9538.24       17.0111
    270  ant270      2546.86       -9513.63      -50.8424
    271  ant271      5042.56       -8635.36      -78.814
    272  ant272      6538.28       -7761.91      -94.5753
    273  ant273     -3453.06       -9543.17       30.4736
    274  ant274      3546.85       -9508.71      -64.0251
    275  ant275        51.1564    -10391.9       -19.1345
    276  ant276      -948.83      -10396.8        -8.34523
    277  ant277      1051.14      -10387         -34.8049
    278  ant278     -4453.05       -9548.09       43.4736
    279  ant279      4546.83       -9503.79      -75.5613
    280  ant280     -1948.82      -10401.7         7.82752
    281  ant281      2051.13      -10382.1       -50.8232
    282  ant282      8034          -6888.55     -115.334
    283  ant283     -2948.8       -10406.7        21.4736
    284  ant284      3051.12      -10377.1       -60.0127
    285  ant285     -3948.79      -10411.6        33.0667
    286  ant286      -444.574     -11260.3       -13.5264
    287  ant287       555.412     -11255.4       -29.8677
    288  ant288     -1444.56      -11265.3        -2.53632
    289  ant289      1555.4       -11250.5       -40.1635
    290  ant290     -2444.55      -11270.2        13.8511
    291  ant291      2555.39      -11245.6       -49.9219
    292  ant292     -3444.53      -11275.1        22.7387
    293  ant293        59.6822    -12123.9       -19.5264
    294  ant294      -940.304     -12128.9        -6.12615
    295  ant295      1059.67      -12119         -32.889
    296  ant296     -1940.29      -12133.8         8.45073
    297  ant297      -436.048     -12992.4        -7.75585
    298  ant298       563.939     -12987.4       -23.3298